16
-1 83 41 12 66 88 50 82 43 27 53 8 48 96 72 20 
83 -1 51 31 13 70 50 45 76 20 100 66 94 86 2 45 
41 51 -1 16 30 87 98 51 47 66 12 86 73 90 83 31 
12 31 16 -1 59 25 82 7 7 15 62 97 72 20 65 41 
66 13 30 59 -1 37 23 95 65 48 59 52 12 31 51 89 
88 70 87 25 37 -1 65 69 56 96 49 63 30 39 25 66 
50 50 98 82 23 65 -1 8 56 23 65 37 53 93 21 57 
82 45 51 7 95 69 8 -1 45 34 79 62 8 29 58 60 
43 76 47 7 65 56 56 45 -1 30 52 17 55 79 21 54 
27 20 66 15 48 96 23 34 30 -1 6 59 96 20 22 43 
53 100 12 62 59 49 65 79 52 6 -1 59 91 23 69 44 
8 66 86 97 52 63 37 62 17 59 59 -1 28 65 6 25 
48 94 73 72 12 30 53 8 55 96 91 28 -1 16 20 44 
96 86 90 20 31 39 93 29 79 20 23 65 16 -1 79 84 
72 2 83 65 51 25 21 58 21 22 69 6 20 79 -1 85 
20 45 31 41 89 66 57 60 54 43 44 25 44 84 85 -1 
