17
-1 40 35 79 58 68 56 39 36 20 6 4 12 99 10 51 60 
40 -1 36 35 81 99 4 16 23 58 59 4 90 32 89 5 93 
35 36 -1 78 17 24 53 58 79 65 58 75 78 77 70 1 6 
79 35 78 -1 25 82 11 82 78 59 96 66 9 68 12 94 45 
58 81 17 25 -1 58 41 65 73 44 2 19 74 44 65 41 42 
68 99 24 82 58 -1 16 13 92 48 11 44 87 17 8 62 35 
56 4 53 11 41 16 -1 43 29 87 23 9 33 53 36 84 3 
39 16 58 82 65 13 43 -1 84 75 98 57 62 77 71 36 9 
36 23 79 78 73 92 29 84 -1 2 11 35 44 80 91 8 98 
20 58 65 59 44 48 87 75 2 -1 85 94 77 67 60 57 76 
6 59 58 96 2 11 23 98 11 85 -1 31 21 89 52 8 78 
4 4 75 66 19 44 9 57 35 94 31 -1 38 95 46 50 13 
12 90 78 9 74 87 33 62 44 77 21 38 -1 33 84 30 32 
99 32 77 68 44 17 53 77 80 67 89 95 33 -1 34 28 6 
10 89 70 12 65 8 36 71 91 60 52 46 84 34 -1 45 73 
51 5 1 94 41 62 84 36 8 57 8 50 30 28 45 -1 25 
60 93 6 45 42 35 3 9 98 76 78 13 32 6 73 25 -1 
