18
-1 83 88 52 94 87 42 8 3 90 41 5 10 97 69 46 6 53 
83 -1 44 57 49 65 50 20 9 55 54 15 21 71 62 13 44 4 
88 44 -1 36 95 91 65 39 4 3 27 98 58 79 63 20 80 56 
52 57 36 -1 83 47 85 88 79 38 89 17 9 3 33 27 60 71 
94 49 95 83 -1 91 26 27 67 89 71 19 89 2 99 82 79 21 
87 65 91 47 91 -1 33 7 25 91 94 53 50 70 14 51 40 22 
42 50 65 85 26 33 -1 31 58 78 35 16 92 49 5 72 87 45 
8 20 39 88 27 7 31 -1 83 80 5 56 14 18 88 41 18 81 
3 9 4 79 67 25 58 83 -1 82 39 11 29 50 98 14 60 97 
90 55 3 38 89 91 78 80 82 -1 18 14 45 72 49 96 97 81 
41 54 27 89 71 94 35 5 39 18 -1 87 77 38 38 13 79 89 
5 15 98 17 19 53 16 56 11 14 87 -1 29 46 27 100 67 27 
10 21 58 9 89 50 92 14 29 45 77 29 -1 75 85 74 25 21 
97 71 79 3 2 70 49 18 50 72 38 46 75 -1 95 87 1 59 
69 62 63 33 99 14 5 88 98 49 38 27 85 95 -1 69 22 1 
46 13 20 27 82 51 72 41 14 96 13 100 74 87 69 -1 36 58 
6 44 80 60 79 40 87 18 60 97 79 67 25 1 22 36 -1 80 
53 4 56 71 21 22 45 81 97 81 89 27 21 59 1 58 80 -1 
