19
-1 73 79 43 74 77 31 2 17 28 19 48 8 38 28 1 56 97 64 
73 -1 57 22 50 77 79 1 59 14 16 53 42 25 62 85 23 4 27 
79 57 -1 2 21 65 1 96 10 99 34 3 29 46 35 60 1 67 77 
43 22 2 -1 74 92 13 75 26 5 74 5 6 43 49 39 46 56 32 
74 50 21 74 -1 99 86 2 67 82 58 60 55 12 77 57 96 10 46 
77 77 65 92 99 -1 88 51 16 92 78 40 89 56 9 67 43 11 76 
31 79 1 13 86 88 -1 38 88 94 21 35 71 96 64 61 60 9 97 
2 1 96 75 2 51 38 -1 8 15 67 53 59 48 24 38 25 59 41 
17 59 10 26 67 16 88 8 -1 92 23 94 43 41 84 50 26 85 15 
28 14 99 5 82 92 94 15 92 -1 27 36 5 33 26 28 33 54 40 
19 16 34 74 58 78 21 67 23 27 -1 53 17 25 12 14 89 51 59 
48 53 3 5 60 40 35 53 94 36 53 -1 65 10 41 32 35 45 95 
8 42 29 6 55 89 71 59 43 5 17 65 -1 89 83 92 33 78 36 
38 25 46 43 12 56 96 48 41 33 25 10 89 -1 16 15 73 76 51 
28 62 35 49 77 9 64 24 84 26 12 41 83 16 -1 12 96 74 86 
1 85 60 39 57 67 61 38 50 28 14 32 92 15 12 -1 83 54 25 
56 23 1 46 96 43 60 25 26 33 89 35 33 73 96 83 -1 64 82 
97 4 67 56 10 11 9 59 85 54 51 45 78 76 74 54 64 -1 47 
64 27 77 32 46 76 97 41 15 40 59 95 36 51 86 25 82 47 -1 
