6
-1 13 19 38 74 21 
13 -1 12 42 93 39 
19 12 -1 74 16 52 
38 42 74 -1 70 16 
74 93 16 70 -1 24 
21 39 52 16 24 -1 
